byte offset: 0
first index: 0
index count: 3633
topology: trianglelist
format: DXGI_FORMAT_R16_UINT

0 1 2
0 2 3
3 2 4
3 4 5
5 4 6
5 6 7
7 6 8
7 8 9
9 8 10
9 10 11
11 10 12
11 12 13
13 12 14
5 15 3
7 16 5
5 16 15
9 17 7
7 17 16
11 18 9
9 18 17
19 3 15
19 0 3
16 20 15
19 15 20
11 21 18
21 11 13
22 18 21
22 21 23
17 18 24
23 21 25
21 13 25
23 25 26
17 27 16
16 27 20
17 24 28
17 28 27
29 28 24
29 24 30
31 28 29
31 27 28
32 27 31
32 20 27
33 20 32
33 34 20
33 35 34
19 20 34
34 35 19
19 35 36
19 36 0
36 35 37
0 36 38
0 38 39
40 39 38
40 38 41
36 37 42
42 38 36
41 38 43
42 43 38
41 43 44
44 43 45
45 43 42
44 45 46
45 47 46
45 48 47
49 42 37
45 42 49
49 48 45
49 37 50
49 51 48
50 51 49
50 52 51
53 54 55
53 55 56
57 53 56
57 56 58
56 59 58
55 60 56
56 60 59
55 61 60
60 62 59
60 61 63
60 64 62
60 63 64
62 64 65
64 63 65
66 67 68
66 68 69
69 68 70
71 66 69
69 70 72
72 70 73
71 69 74
74 69 72
71 74 75
71 75 76
74 77 75
74 78 77
74 72 78
78 79 77
78 80 79
72 80 78
81 79 80
72 73 82
72 82 80
81 80 83
82 83 80
81 83 84
85 82 73
82 85 83
85 84 83
85 73 86
84 85 86
87 88 89
87 90 88
91 90 87
91 92 90
90 93 88
90 92 94
90 95 93
90 94 95
96 93 95
97 95 94
96 95 97
97 94 98
97 99 96
99 97 98
100 101 102
101 103 102
101 104 103
105 103 104
105 104 106
107 105 106
107 108 105
109 108 107
109 110 108
111 110 109
111 112 110
113 112 111
113 114 112
115 114 113
115 116 114
117 116 115
117 118 116
119 120 121
119 121 122
123 122 121
123 124 122
124 123 125
124 125 126
127 126 125
127 128 126
128 127 129
128 129 130
130 129 131
130 131 132
132 131 133
132 133 134
134 133 135
134 135 136
137 136 135
138 139 140
138 140 141
142 138 141
141 140 143
142 141 144
145 142 144
141 143 146
141 146 144
145 144 147
148 145 147
144 146 149
147 144 149
148 147 150
150 151 148
147 149 152
150 147 152
146 143 153
149 146 154
146 153 154
152 149 155
149 154 155
143 156 153
143 157 156
157 158 156
157 159 158
159 160 158
159 161 160
162 160 161
162 161 163
163 164 162
163 165 164
165 166 164
165 167 166
168 166 167
168 167 169
170 168 169
158 171 156
158 172 171
160 172 158
160 173 172
162 173 160
162 174 173
164 174 162
164 175 174
166 175 164
166 176 175
168 176 166
156 171 177
168 178 176
156 177 153
179 178 168
179 180 178
170 179 168
153 177 181
182 181 177
153 181 154
181 182 183
184 180 179
184 179 170
184 185 180
184 170 186
184 187 185
186 188 184
184 188 187
186 189 188
187 188 190
190 188 189
187 190 191
190 192 191
190 189 193
190 194 192
193 194 190
193 195 194
183 196 197
181 183 197
197 196 198
181 197 199
154 181 199
154 199 155
197 198 200
200 198 201
202 199 197
202 197 200
203 155 199
203 199 202
152 155 203
200 201 204
202 200 204
204 201 205
202 204 206
203 202 206
207 152 203
150 152 207
204 205 208
206 204 208
203 206 209
207 203 209
207 210 150
150 210 151
207 211 210
209 211 207
151 210 212
212 210 211
151 212 213
209 206 214
206 208 214
215 208 205
215 205 216
209 217 211
209 214 217
212 211 218
218 211 217
213 212 219
219 212 218
213 219 220
220 219 221
222 214 208
222 208 215
223 217 214
218 217 223
223 214 222
219 218 224
221 219 224
224 218 223
225 215 216
225 216 226
227 222 215
227 215 225
228 223 222
224 223 228
228 222 227
221 224 229
229 224 228
229 230 221
231 225 226
231 226 232
231 232 233
234 225 231
234 227 225
234 231 233
235 228 227
229 228 235
235 227 234
229 236 230
235 236 229
230 236 237
234 233 238
235 234 238
238 233 239
235 240 236
235 238 240
241 236 240
238 241 240
237 236 241
238 239 241
237 241 242
242 241 239
237 242 243
242 239 244
245 243 242
246 242 244
245 242 246
246 244 247
245 246 248
246 247 248
249 250 251
249 251 252
252 251 253
252 253 254
252 255 249
254 256 252
252 256 255
254 257 256
255 256 258
257 258 256
255 258 259
257 260 258
259 258 261
258 260 261
262 263 264
262 265 263
266 265 262
265 267 263
266 268 265
265 269 267
268 269 265
269 270 267
268 271 269
269 272 270
271 272 269
273 270 272
271 274 272
273 272 275
275 272 274
273 275 276
275 274 277
275 277 276
278 279 280
278 280 281
281 280 282
281 283 278
281 282 284
284 282 285
281 286 283
284 286 281
284 285 287
287 285 288
289 283 286
289 290 283
287 288 291
291 288 292
293 290 289
294 290 293
291 292 295
295 292 296
294 293 297
294 297 298
298 297 299
298 299 300
293 301 297
301 299 297
300 299 302
300 302 303
289 304 293
293 304 301
289 305 304
305 301 304
301 306 299
306 302 299
295 296 307
307 296 308
307 308 309
303 302 310
303 310 311
312 305 289
312 289 286
305 313 301
313 306 301
314 307 309
315 314 309
316 314 315
311 310 317
311 317 318
319 305 312
313 305 319
312 286 320
284 320 286
284 321 320
284 287 321
320 322 312
320 321 322
312 323 319
312 322 323
313 319 324
324 319 323
325 321 287
325 287 291
326 322 321
326 321 325
327 323 322
327 322 326
328 325 291
328 291 295
329 326 325
329 325 328
330 328 295
307 330 295
331 326 329
331 327 326
332 329 328
332 328 330
331 329 332
307 333 330
330 333 332
314 333 307
334 323 327
324 323 334
331 335 327
334 327 335
336 333 314
316 336 314
316 337 336
316 338 337
337 338 339
340 332 333
331 332 341
340 341 332
336 342 333
340 333 342
341 343 331
331 343 335
344 342 336
344 336 337
345 340 342
345 342 344
346 341 340
341 346 343
346 340 345
346 347 343
335 343 347
348 346 345
346 348 347
349 345 344
348 345 349
350 344 337
349 344 350
350 337 351
337 339 351
339 352 351
339 353 352
351 354 350
351 352 354
350 355 349
350 354 355
349 356 348
349 355 356
357 352 353
357 353 358
359 354 352
359 352 357
360 354 359
360 355 354
361 357 358
361 358 362
348 356 363
348 363 347
364 356 355
364 355 360
365 360 357
365 357 361
362 366 361
362 367 366
368 363 356
368 356 364
347 363 369
369 363 368
370 364 360
370 360 365
361 371 365
361 366 371
372 366 367
372 367 373
347 369 374
335 347 374
375 335 374
375 334 335
374 369 376
374 376 375
375 376 377
378 334 375
375 377 378
378 324 334
379 324 378
379 313 324
313 379 306
378 380 379
378 377 380
379 381 306
379 380 381
306 381 302
302 381 382
380 382 381
302 382 310
383 380 377
380 383 382
310 382 384
310 384 317
383 377 385
385 377 386
382 383 387
382 387 384
387 383 385
384 388 317
318 317 388
385 386 389
389 386 369
387 385 390
389 390 385
387 391 384
384 391 388
318 388 392
393 318 392
389 369 394
369 368 394
395 389 394
389 395 390
390 396 387
387 396 391
391 397 388
392 388 397
393 392 398
399 393 398
399 398 400
401 394 368
395 394 401
395 402 390
390 402 396
396 403 391
391 403 397
392 397 404
398 392 404
400 398 405
398 404 405
400 405 406
404 397 407
403 407 397
396 408 403
408 396 402
395 409 402
401 409 395
405 404 410
404 407 410
411 406 405
405 410 411
411 412 406
403 413 407
408 413 403
408 402 414
409 414 402
410 407 415
413 415 407
416 412 411
416 417 412
411 410 418
411 418 416
410 415 418
417 416 419
418 419 416
417 419 420
421 420 419
408 422 413
422 408 414
413 423 415
422 423 413
418 415 424
423 424 415
418 425 419
418 424 425
419 425 426
419 426 421
425 424 427
425 427 426
421 426 428
426 427 428
423 429 424
429 427 424
421 428 430
431 421 430
431 430 432
433 431 432
433 432 434
434 432 435
434 435 436
436 435 437
436 437 438
439 438 437
432 440 435
432 430 440
435 440 437
430 441 440
430 428 441
437 440 441
428 442 441
439 437 443
444 439 443
437 441 445
445 441 442
428 446 442
428 427 446
444 443 447
448 444 447
437 449 443
437 445 449
450 446 427
429 450 427
451 446 450
429 451 450
442 446 452
446 451 452
429 453 451
423 453 429
448 447 454
454 455 448
454 456 455
455 456 457
456 458 457
459 457 458
447 460 454
454 460 456
447 461 460
443 461 447
443 449 461
462 456 460
461 462 460
449 463 461
461 463 462
459 458 464
465 459 464
462 466 456
456 466 458
462 467 466
466 467 458
449 468 463
445 468 449
463 469 462
462 469 467
463 470 469
468 470 463
445 471 468
445 442 471
471 472 468
468 472 470
470 473 469
473 467 469
442 474 471
471 474 472
472 475 470
470 475 473
442 476 474
442 452 476
474 477 472
472 477 475
476 478 474
474 478 477
473 479 467
473 480 479
475 480 473
467 479 481
475 482 480
477 482 475
458 467 481
477 483 482
478 483 477
458 481 484
478 485 483
458 484 464
486 485 478
464 484 487
486 478 488
476 488 478
488 489 486
464 487 490
465 464 490
490 487 491
465 490 491
476 492 488
488 492 489
476 452 492
492 493 489
489 493 494
493 495 494
452 496 492
496 493 492
493 497 495
497 493 496
497 498 495
452 499 496
452 451 499
499 451 453
497 496 500
499 501 496
501 500 496
499 453 502
502 501 499
503 497 500
497 503 498
504 500 501
503 500 504
502 453 505
423 505 453
422 505 423
502 506 501
504 501 506
505 422 507
422 414 507
502 505 508
502 508 506
505 507 508
507 414 509
508 507 510
507 509 510
508 510 506
510 509 511
506 510 512
506 512 504
510 511 512
513 504 512
513 503 504
514 512 511
514 513 512
503 513 515
503 515 498
513 514 516
513 516 515
517 514 511
514 371 516
514 517 371
516 371 366
365 371 517
516 366 372
515 516 372
365 517 370
517 511 518
370 517 518
519 518 511
515 372 520
498 515 520
520 372 373
520 373 521
498 520 522
522 520 521
522 521 523
524 498 522
522 523 525
524 522 526
522 525 526
526 527 524
526 525 528
526 529 527
526 528 529
529 528 530
531 527 529
529 530 532
531 529 532
532 530 533
531 532 534
532 533 534
531 534 535
534 533 536
534 537 535
534 536 538
534 538 537
538 536 539
537 538 540
538 539 540
537 540 541
540 539 542
543 541 540
540 542 544
543 540 544
544 542 545
543 544 545
546 547 548
546 549 547
550 549 546
549 551 547
550 552 549
549 553 551
552 553 549
552 554 553
555 553 554
553 556 551
555 557 553
553 557 556
558 557 555
556 557 559
558 559 557
556 559 560
561 559 558
560 559 562
561 562 559
560 562 563
564 562 561
563 562 565
564 565 562
563 565 566
567 565 564
566 565 568
567 568 565
566 568 569
570 568 567
569 568 571
570 571 568
569 571 572
570 573 571
571 573 572
574 575 576
574 577 575
578 575 577
578 577 579
577 580 579
581 577 574
577 582 580
581 582 577
582 583 580
581 584 582
582 584 583
581 585 584
584 586 583
585 587 584
584 587 586
585 588 587
587 589 586
589 587 588
590 591 592
590 593 591
594 593 590
594 595 593
593 596 591
597 593 595
593 598 596
597 598 593
599 598 597
598 600 596
599 601 598
598 601 600
602 601 599
600 601 603
602 603 601
600 603 604
602 605 603
603 605 604
606 607 608
606 609 607
610 609 606
607 609 611
607 611 612
609 613 611
609 614 613
610 614 609
614 615 613
610 616 614
614 616 615
610 617 616
616 618 615
617 619 616
616 619 618
617 620 619
619 621 618
622 619 620
619 623 621
622 623 619
623 624 621
625 623 622
623 626 624
625 626 623
627 624 626
628 626 625
627 626 629
628 629 626
629 630 627
630 629 628
631 632 633
631 634 632
635 632 634
636 634 631
635 634 637
636 638 634
637 634 638
639 638 636
637 638 640
639 641 638
640 638 641
642 641 639
640 641 643
642 644 641
643 641 644
645 644 642
643 644 646
646 644 645
647 648 649
647 650 648
651 648 650
652 650 647
651 650 653
652 654 650
653 650 654
655 654 652
653 654 656
655 657 654
656 654 657
658 657 655
656 657 659
659 657 658
660 661 662
660 663 661
664 663 660
663 665 661
664 666 663
667 666 664
663 668 665
666 668 663
669 665 668
667 670 666
671 670 667
666 672 668
670 672 666
669 668 673
673 668 672
671 674 670
671 675 674
671 676 675
675 676 677
670 678 672
674 678 670
673 672 679
679 672 678
674 680 678
675 680 674
680 681 678
679 678 681
675 677 682
682 677 683
682 683 684
682 684 685
682 685 686
687 682 686
687 675 682
688 687 686
689 687 688
690 680 675
680 690 681
691 675 687
689 691 687
690 675 691
692 691 689
692 690 691
692 689 693
694 692 693
690 692 695
694 695 692
690 695 681
696 695 694
681 695 697
696 697 695
681 697 679
697 696 698
679 697 699
697 698 699
679 699 673
700 699 698
673 699 701
700 701 699
673 701 669
702 701 700
669 701 703
702 703 701
669 703 704
705 669 704
706 703 702
704 703 706
706 702 707
705 704 708
709 705 708
709 708 710
704 706 711
708 704 711
712 706 707
711 706 712
712 707 713
712 713 714
710 708 715
708 711 715
710 715 716
712 714 717
717 714 718
711 712 719
715 711 719
719 712 717
716 715 720
715 719 720
716 720 721
719 717 722
720 719 722
721 720 723
720 722 723
721 723 724
717 718 725
722 717 725
723 722 726
722 725 726
724 723 727
723 726 727
724 727 728
718 729 725
726 725 729
718 730 729
731 727 726
726 729 731
732 728 727
731 732 727
732 733 728
732 734 733
735 729 730
731 729 735
735 730 736
732 731 737
732 737 734
737 731 738
731 735 738
734 737 739
737 738 739
734 739 740
741 740 739
738 741 739
741 742 740
736 743 735
736 744 743
735 745 738
738 745 741
735 743 745
746 742 741
745 746 741
746 747 742
748 743 744
748 744 749
750 745 743
745 750 746
750 743 748
751 747 746
750 751 746
751 752 747
749 753 748
749 754 753
755 753 754
755 754 756
748 757 750
748 753 757
750 757 751
755 757 753
752 751 758
751 757 758
758 757 755
752 758 759
758 760 759
758 761 760
755 761 758
756 762 755
756 763 762
762 763 764
755 762 765
755 765 761
764 765 762
760 761 766
766 761 765
760 766 767
766 768 767
764 769 765
766 765 769
769 764 770
766 771 768
769 771 766
772 768 771
769 770 773
769 773 771
772 771 774
774 771 773
775 772 774
776 773 770
774 773 776
775 774 776
776 770 777
776 777 775
778 779 780
778 781 779
778 782 781
778 783 782
784 782 783
784 785 782
786 782 785
786 781 782
786 785 787
786 787 788
779 781 789
786 789 781
779 789 790
786 788 791
786 791 789
790 789 791
791 788 792
790 791 793
791 792 794
793 791 794
794 792 795
793 794 796
796 794 795
797 798 799
797 799 800
800 801 797
800 799 802
800 803 801
800 802 804
803 800 804
804 802 805
803 804 806
806 804 805
807 808 809
807 810 808
811 810 807
811 812 810
813 808 810
814 810 812
813 810 815
814 815 810
813 815 816
816 815 814
409 817 414
817 409 818
817 818 519
401 818 409
519 818 518
819 818 401
819 518 818
401 368 819
370 518 819
364 819 368
364 370 819
26 820 821
26 25 820
820 822 821
823 820 25
823 25 13
13 14 823
14 824 823
820 823 824
14 825 824
820 826 822
820 824 826
827 822 826
828 824 825
828 826 824
828 825 829
827 826 830
828 830 826
830 831 827
830 832 831
828 832 830
833 831 832
829 834 828
828 834 832
829 835 834
833 832 836
836 832 834
836 837 833
838 834 835
836 834 838
838 835 839
836 840 837
838 840 836
841 837 840
839 842 838
838 842 840
839 843 842
841 840 844
844 840 842
841 844 845
846 842 843
844 842 846
845 844 846
846 843 847
846 847 845
